Représentation : /home/user/Documents/M1/s1/ProjetM1RF1/data/=Signatures/=ART
1 1
10 1
1 1
5 1
9 1
2 1
2 1
7 1
7 1
3 1
1 1
7 1
7 1
2 1
9 1
5 1
4 1
7 1
5 1
3 1
5 1
1 1
8 1
2 1
3 1
4 1
6 1
10 1
5 1
8 1
6 1
5 1
4 1
4 1
10 1
3 1
10 1
8 1
10 1
1 1
8 1
9 1
6 1
4 1
6 1
2 1
5 1
9 1
4 1
3 1
10 1
6 1
9 1
1 1
2 1
1 1
7 1
5 1
8 1
1 1
4 1
8 1
5 1
6 1
8 1
6 1
2 1
3 1
7 1
9 1
10 1
6 1
2 1
10 1
5 1
10 1
9 1
2 1
8 1
6 1
9 1
8 1
4 1
3 1
5 1
5 1
8 1
8 1
10 1
2 1
4 1
4 1
10 1
3 1
1 1
9 1
1 1
10 1
1 1
5 1
9 1
2 1
2 1
7 1
7 1
3 1
1 0.5
7 1
7 1
2 1
9 1
5 1
4 1
7 1
5 1
3 1
5 1
1 1
8 1
2 1
3 1
4 0.5
6 1
10 1
5 1
8 1
6 1
5 1
4 1
4 1
10 1
3 1
10 1
8 1
10 1
1 0.5
8 1
9 1
6 1
4 1
6 1
2 1
5 1
9 1
4 1
3 1
10 1
6 1
9 1
1 1
2 1
1 1
7 1
5 1
8 0.5
1 1
4 1
8 1
5 1
6 1
8 0.5
6 1
2 1
3 1
7 1
9 1
10 1
6 1
2 1
10 1
5 1
10 1
9 1
2 1
8 1
6 1
9 1
8 1
4 1
3 1
5 1
5 1
8 1
8 0.5
10 1
2 1
4 1
4 1
10 1
3 1
1 1
9 1
1 1
10 1
1 0.666667
5 1
9 1
2 1
2 1
7 0.666667
7 0.666667
3 1
1 0.666667
7 0.666667
7 0.666667
2 1
9 1
5 1
4 1
7 0.666667
5 1
3 1
5 1
1 0.666667
8 1
2 1
3 1
4 0.666667
6 1
10 1
5 1
8 1
6 1
5 1
4 1
4 1
10 1
3 1
10 1
8 1
10 1
1 0.666667
8 1
9 1
6 1
4 1
6 1
2 1
5 1
9 1
4 1
3 1
10 1
6 1
9 1
1 1
2 1
1 1
7 1
5 1
8 0.666667
1 1
4 1
8 1
5 1
6 1
8 0.666667
6 1
2 1
3 1
7 1
9 1
10 1
6 1
2 1
10 1
5 1
10 1
9 1
2 1
8 1
6 1
9 1
8 1
4 1
3 1
5 1
5 1
8 1
8 0.666667
10 1
2 1
4 0.666667
4 1
10 1
3 1
1 1
9 1
1 1
10 1
1 0.75
5 1
9 1
2 1
2 1
7 0.5
7 0.5
3 1
1 0.75
7 0.5
7 0.5
2 1
9 1
5 1
4 1
7 0.5
5 1
3 1
5 1
1 0.5
8 1
2 1
3 1
4 0.75
6 1
10 1
5 1
8 1
6 1
5 1
4 0.75
4 1
10 0.75
3 1
10 1
8 1
10 1
1 0.75
8 1
9 1
6 1
4 0.75
6 1
2 1
5 1
9 1
4 0.75
3 1
10 1
6 1
9 1
1 1
2 1
1 1
7 1
5 1
8 0.5
1 1
4 1
8 1
5 1
6 1
8 0.75
6 1
2 1
3 1
7 1
9 1
10 1
6 1
2 1
10 1
5 1
10 1
9 1
2 1
8 1
6 1
9 1
8 1
4 0.75
3 1
5 1
5 1
8 1
8 0.5
10 1
2 1
4 0.5
4 1
10 1
3 1
1 1
9 1
1 1
10 1
1 0.6
5 1
9 1
2 1
2 1
7 0.4
7 0.6
3 1
1 0.8
7 0.6
7 0.4
2 1
9 1
5 1
4 1
7 0.6
5 1
3 1
5 1
1 0.4
8 1
2 1
3 1
4 0.6
6 1
10 0.8
5 1
8 0.8
6 1
5 1
4 0.6
4 0.8
10 0.6
3 1
10 1
8 0.8
10 1
1 0.8
8 1
9 1
6 1
4 0.6
6 1
2 1
5 1
9 1
4 0.8
3 1
10 1
6 1
9 1
1 0.8
2 1
1 1
7 1
5 1
8 0.4
1 0.8
4 1
8 1
5 1
6 1
8 0.6
6 1
2 1
3 1
7 1
9 1
10 1
6 1
2 1
10 0.8
5 1
10 1
9 1
2 1
8 1
6 1
9 1
8 0.8
4 0.6
3 1
5 1
5 1
8 0.8
8 0.6
10 1
2 1
4 0.6
4 0.8
10 1
3 0.8
1 0.8
9 1
1 0.833333
10 1
1 0.5
5 1
9 1
2 1
2 1
7 0.5
7 0.666667
3 1
1 0.833333
7 0.666667
7 0.5
2 0.833333
9 1
5 1
4 0.833333
7 0.666667
5 1
3 1
5 1
1 0.5
8 0.833333
2 1
3 1
4 0.5
6 1
10 0.833333
5 1
8 0.666667
6 1
5 1
4 0.5
4 0.666667
10 0.5
3 1
10 1
8 0.833333
10 1
1 0.833333
8 0.833333
9 1
6 1
4 0.5
6 1
2 1
5 1
9 1
4 0.666667
3 1
10 1
6 1
9 1
1 0.666667
2 1
1 1
7 1
5 1
8 0.333333
1 0.666667
4 0.833333
8 1
5 1
6 1
8 0.666667
6 1
2 1
3 1
7 1
9 1
10 0.833333
6 1
2 1
10 0.833333
5 1
10 1
9 1
2 1
8 1
6 1
9 1
8 0.666667
4 0.5
3 1
5 1
5 1
8 0.666667
8 0.666667
10 1
2 1
4 0.666667
4 0.666667
10 1
3 0.666667
1 0.666667
9 1
1 0.857143
10 1
1 0.428571
5 1
9 1
2 1
2 1
7 0.571429
7 0.714286
3 0.857143
1 0.714286
7 0.714286
7 0.571429
2 0.714286
9 1
5 1
4 0.714286
7 0.714286
5 1
3 0.857143
5 1
1 0.428571
8 0.714286
2 1
3 0.857143
4 0.428571
6 1
10 0.714286
5 1
8 0.571429
6 1
5 1
4 0.571429
4 0.714286
10 0.571429
3 0.857143
10 0.857143
8 0.857143
10 0.857143
1 0.857143
8 0.714286
9 0.857143
6 0.857143
4 0.571429
6 0.857143
2 1
5 1
9 0.857143
4 0.571429
3 1
10 1
6 0.857143
9 0.857143
1 0.571429
2 1
1 0.857143
7 0.857143
5 1
8 0.428571
1 0.714286
4 0.857143
8 0.857143
5 1
6 0.857143
8 0.571429
6 0.857143
2 1
3 1
7 0.857143
9 1
10 0.857143
6 0.857143
2 1
10 0.857143
5 1
10 1
9 1
2 1
8 0.857143
6 1
9 1
8 0.571429
4 0.571429
3 0.857143
5 1
5 1
8 0.714286
8 0.714286
10 1
2 1
4 0.571429
4 0.714286
10 1
3 0.714286
1 0.571429
9 1
1 0.75
10 1
1 0.375
5 1
9 0.875
2 0.875
2 0.875
7 0.625
7 0.75
3 0.75
1 0.75
7 0.75
7 0.625
2 0.625
9 0.875
5 1
4 0.625
7 0.75
5 1
3 0.75
5 1
1 0.375
8 0.625
2 1
3 0.75
4 0.5
6 0.875
10 0.625
5 1
8 0.5
6 0.875
5 1
4 0.5
4 0.625
10 0.625
3 0.75
10 0.75
8 0.875
10 0.75
1 0.875
8 0.625
9 0.75
6 0.75
4 0.5
6 0.75
2 1
5 1
9 0.75
4 0.5
3 0.875
10 0.875
6 0.75
9 0.75
1 0.5
2 1
1 0.75
7 0.75
5 1
8 0.5
1 0.75
4 0.75
8 0.875
5 1
6 0.75
8 0.5
6 0.75
2 1
3 0.875
7 0.75
9 0.875
10 0.75
6 0.75
2 1
10 0.875
5 1
10 1
9 0.875
2 1
8 0.875
6 1
9 0.875
8 0.5
4 0.5
3 0.75
5 1
5 1
8 0.625
8 0.75
10 0.875
2 1
4 0.5
4 0.625
10 1
3 0.75
1 0.625
9 0.875
1 0.666667
10 0.888889
1 0.333333
5 1
9 0.777778
2 0.777778
2 0.777778
7 0.666667
7 0.777778
3 0.666667
1 0.666667
7 0.777778
7 0.666667
2 0.555556
9 0.777778
5 1
4 0.555556
7 0.777778
5 1
3 0.666667
5 1
1 0.333333
8 0.555556
2 0.888889
3 0.666667
4 0.555556
6 0.777778
10 0.555556
5 1
8 0.444444
6 0.777778
5 1
4 0.555556
4 0.555556
10 0.555556
3 0.666667
10 0.666667
8 0.888889
10 0.666667
1 0.888889
8 0.666667
9 0.666667
6 0.666667
4 0.444444
6 0.666667
2 0.888889
5 1
9 0.666667
4 0.555556
3 0.777778
10 0.777778
6 0.666667
9 0.666667
1 0.444444
2 0.888889
1 0.666667
7 0.666667
5 1
8 0.444444
1 0.777778
4 0.777778
8 0.777778
5 1
6 0.666667
8 0.555556
6 0.666667
2 0.888889
3 0.777778
7 0.666667
9 0.777778
10 0.666667
6 0.666667
2 0.888889
10 0.777778
5 1
10 0.888889
9 0.777778
2 0.888889
8 0.777778
6 0.888889
9 0.777778
8 0.444444
4 0.555556
3 0.666667
5 1
5 1
8 0.555556
8 0.777778
10 0.888889
2 0.888889
4 0.555556
4 0.555556
10 0.888889
3 0.666667
1 0.555556
9 0.777778
1 0.6
10 0.8
1 0.4
5 0.9
9 0.7
2 0.7
2 0.7
7 0.7
7 0.8
3 0.6
1 0.6
7 0.8
7 0.6
2 0.5
9 0.7
5 0.9
4 0.5
7 0.8
5 0.9
3 0.6
5 0.9
1 0.4
8 0.5
2 0.8
3 0.6
4 0.6
6 0.7
10 0.5
5 0.9
8 0.5
6 0.7
5 0.9
4 0.5
4 0.5
10 0.6
3 0.6
10 0.6
8 0.9
10 0.6
1 0.8
8 0.6
9 0.6
6 0.6
4 0.5
6 0.6
2 0.8
5 1
9 0.6
4 0.6
3 0.7
10 0.7
6 0.6
9 0.6
1 0.5
2 0.8
1 0.6
7 0.6
5 1
8 0.4
1 0.7
4 0.7
8 0.7
5 1
6 0.6
8 0.5
6 0.6
2 0.8
3 0.7
7 0.6
9 0.7
10 0.6
6 0.6
2 0.8
10 0.7
5 1
10 0.8
9 0.7
2 0.8
8 0.7
6 0.8
9 0.7
8 0.5
4 0.6
3 0.6
5 1
5 1
8 0.5
8 0.7
10 0.8
2 0.8
4 0.5
4 0.6
10 0.8
3 0.6
1 0.5
9 0.7
1 1
1 1
1 1
2 1
2 1
3 1
3 1
3 1
3 1
4 1
4 1
6 1
6 1
6 1
7 1
7 1
7 1
7 1
7 1
8 1
9 1
9 1
9 1
10 1

Représentation : /home/user/Documents/M1/s1/ProjetM1RF1/data/=Signatures/=GFD
9 1
1 1
10 1
4 1
5 1
9 1
2 1
7 1
1 1
2 1
8 1
3 1
9 1
8 1
2 1
1 1
4 1
2 1
1 1
3 1
3 1
6 1
8 1
10 1
3 1
1 1
3 1
7 1
8 1
4 1
1 1
6 1
9 1
9 1
2 1
10 1
4 1
5 1
8 1
6 1
7 1
7 1
5 1
4 1
10 1
7 1
7 1
10 1
4 1
6 1
1 1
1 1
5 1
7 1
6 1
7 1
10 1
6 1
9 1
10 1
2 1
5 1
2 1
7 1
1 1
8 1
8 1
10 1
4 1
1 1
5 1
4 1
3 1
4 1
2 1
9 1
9 1
8 1
2 1
4 1
1 1
5 1
8 1
7 1
6 1
3 1
7 1
6 1
4 1
3 1
6 1
9 1
3 1
3 1
6 1
10 1
9 1
1 1
10 1
4 0.5
5 1
9 1
2 1
7 1
1 1
2 1
8 0.5
3 1
9 1
8 1
2 1
1 1
4 1
2 1
1 1
3 1
3 1
6 1
8 1
10 1
3 1
1 0.5
3 1
7 1
8 1
4 0.5
1 1
6 1
9 1
9 1
2 1
10 1
4 0.5
5 1
8 1
6 1
7 1
7 1
5 1
4 1
10 1
7 1
7 1
10 1
4 1
6 1
1 0.5
1 1
5 1
7 1
6 1
7 1
10 1
6 1
9 1
10 0.5
2 1
5 1
2 1
7 1
1 1
8 1
8 0.5
10 1
4 0.5
1 0.5
5 1
4 0.5
3 1
4 1
2 1
9 1
9 1
8 1
2 1
4 0.5
1 1
5 1
8 1
7 1
6 1
3 1
7 1
6 1
4 1
3 1
6 1
9 1
3 1
3 1
6 1
10 1
9 1
1 1
10 0.666667
4 0.666667
5 1
9 1
2 1
7 1
1 1
2 1
8 0.333333
3 1
9 1
8 1
2 1
1 0.666667
4 0.666667
2 1
1 0.666667
3 0.666667
3 1
6 1
8 1
10 1
3 1
1 0.333333
3 1
7 1
8 1
4 0.333333
1 0.666667
6 1
9 1
9 1
2 1
10 1
4 0.666667
5 1
8 1
6 1
7 1
7 0.666667
5 1
4 1
10 0.666667
7 1
7 1
10 0.666667
4 1
6 1
1 0.666667
1 1
5 1
7 0.666667
6 1
7 1
10 0.666667
6 1
9 1
10 0.333333
2 1
5 1
2 1
7 1
1 0.666667
8 1
8 0.333333
10 0.666667
4 0.666667
1 0.666667
5 1
4 0.666667
3 1
4 0.666667
2 1
9 1
9 1
8 1
2 1
4 0.333333
1 1
5 1
8 1
7 1
6 1
3 1
7 1
6 1
4 0.666667
3 1
6 1
9 1
3 1
3 1
6 1
10 0.666667
9 1
1 1
10 0.75
4 0.5
5 1
9 1
2 1
7 1
1 0.75
2 0.75
8 0.5
3 1
9 1
8 1
2 1
1 0.75
4 0.75
2 1
1 0.75
3 0.75
3 1
6 1
8 1
10 1
3 1
1 0.5
3 0.75
7 1
8 1
4 0.25
1 0.5
6 1
9 1
9 1
2 1
10 1
4 0.5
5 0.75
8 1
6 1
7 1
7 0.75
5 1
4 1
10 0.5
7 0.75
7 1
10 0.75
4 1
6 1
1 0.5
1 0.75
5 1
7 0.5
6 1
7 0.75
10 0.5
6 1
9 1
10 0.5
2 1
5 0.75
2 1
7 1
1 0.5
8 1
8 0.5
10 0.75
4 0.75
1 0.5
5 1
4 0.75
3 1
4 0.5
2 1
9 1
9 1
8 0.75
2 1
4 0.5
1 0.75
5 1
8 1
7 1
6 1
3 1
7 1
6 1
4 0.5
3 0.75
6 1
9 1
3 1
3 1
6 1
10 0.75
9 1
1 0.8
10 0.6
4 0.4
5 1
9 1
2 0.8
7 0.8
1 0.6
2 0.8
8 0.4
3 1
9 1
8 0.8
2 0.8
1 0.6
4 0.6
2 0.8
1 0.8
3 0.8
3 1
6 1
8 1
10 0.8
3 0.8
1 0.4
3 0.8
7 1
8 0.8
4 0.4
1 0.6
6 1
9 1
9 1
2 1
10 0.8
4 0.6
5 0.8
8 0.8
6 1
7 0.8
7 0.6
5 1
4 0.8
10 0.4
7 0.6
7 0.8
10 0.6
4 1
6 1
1 0.4
1 0.6
5 0.8
7 0.6
6 1
7 0.6
10 0.6
6 1
9 1
10 0.4
2 0.8
5 0.6
2 0.8
7 1
1 0.6
8 0.8
8 0.6
10 0.6
4 0.6
1 0.6
5 1
4 0.8
3 1
4 0.6
2 0.8
9 1
9 1
8 0.8
2 1
4 0.4
1 0.8
5 1
8 0.8
7 1
6 1
3 1
7 1
6 1
4 0.4
3 0.6
6 1
9 1
3 1
3 1
6 1
10 0.8
9 1
1 0.666667
10 0.666667
4 0.5
5 1
9 1
2 0.666667
7 0.833333
1 0.5
2 0.666667
8 0.333333
3 1
9 1
8 0.666667
2 0.666667
1 0.666667
4 0.5
2 0.666667
1 0.666667
3 0.833333
3 1
6 1
8 1
10 0.666667
3 0.833333
1 0.5
3 0.833333
7 1
8 0.833333
4 0.333333
1 0.5
6 1
9 1
9 1
2 0.833333
10 0.666667
4 0.666667
5 0.833333
8 0.666667
6 1
7 0.666667
7 0.666667
5 0.833333
4 0.833333
10 0.5
7 0.5
7 0.666667
10 0.666667
4 1
6 1
1 0.333333
1 0.666667
5 0.666667
7 0.666667
6 1
7 0.5
10 0.666667
6 1
9 1
10 0.333333
2 0.666667
5 0.5
2 0.666667
7 1
1 0.666667
8 0.666667
8 0.666667
10 0.5
4 0.666667
1 0.5
5 0.833333
4 0.666667
3 1
4 0.5
2 0.666667
9 1
9 1
8 0.666667
2 0.833333
4 0.333333
1 0.833333
5 1
8 0.666667
7 1
6 1
3 0.833333
7 1
6 1
4 0.5
3 0.5
6 1
9 1
3 1
3 1
6 1
10 0.666667
9 0.857143
1 0.571429
10 0.571429
4 0.428571
5 0.857143
9 0.857143
2 0.571429
7 0.714286
1 0.428571
2 0.571429
8 0.428571
3 0.857143
9 0.857143
8 0.571429
2 0.571429
1 0.571429
4 0.571429
2 0.571429
1 0.714286
3 0.714286
3 0.857143
6 1
8 1
10 0.571429
3 0.857143
1 0.428571
3 0.857143
7 0.857143
8 0.857143
4 0.428571
1 0.571429
6 1
9 1
9 1
2 0.714286
10 0.714286
4 0.571429
5 0.714286
8 0.571429
6 0.857143
7 0.571429
7 0.571429
5 0.714286
4 0.857143
10 0.571429
7 0.428571
7 0.571429
10 0.571429
4 0.857143
6 0.857143
1 0.285714
1 0.714286
5 0.571429
7 0.571429
6 0.857143
7 0.428571
10 0.571429
6 0.857143
9 0.857143
10 0.428571
2 0.571429
5 0.571429
2 0.571429
7 1
1 0.714286
8 0.571429
8 0.571429
10 0.571429
4 0.571429
1 0.428571
5 0.714286
4 0.571429
3 1
4 0.428571
2 0.571429
9 0.857143
9 0.857143
8 0.571429
2 0.714286
4 0.428571
1 0.857143
5 0.857143
8 0.714286
7 1
6 0.857143
3 0.714286
7 0.857143
6 0.857143
4 0.571429
3 0.571429
6 0.857143
9 1
3 0.857143
3 0.857143
6 0.857143
10 0.571429
9 0.75
1 0.625
10 0.5
4 0.375
5 0.75
9 0.75
2 0.5
7 0.625
1 0.5
2 0.5
8 0.5
3 0.875
9 0.75
8 0.5
2 0.5
1 0.5
4 0.5
2 0.5
1 0.75
3 0.625
3 0.75
6 1
8 0.875
10 0.5
3 0.875
1 0.375
3 0.75
7 0.75
8 0.75
4 0.5
1 0.5
6 1
9 0.875
9 0.875
2 0.625
10 0.625
4 0.5
5 0.75
8 0.5
6 0.75
7 0.5
7 0.5
5 0.625
4 0.875
10 0.5
7 0.375
7 0.5
10 0.5
4 0.875
6 0.75
1 0.25
1 0.75
5 0.625
7 0.5
6 0.75
7 0.375
10 0.625
6 0.75
9 0.75
10 0.375
2 0.5
5 0.5
2 0.5
7 1
1 0.75
8 0.5
8 0.625
10 0.625
4 0.5
1 0.375
5 0.625
4 0.5
3 1
4 0.375
2 0.5
9 0.75
9 0.75
8 0.5
2 0.625
4 0.375
1 0.875
5 0.75
8 0.625
7 1
6 0.75
3 0.75
7 0.75
6 0.75
4 0.5
3 0.625
6 0.75
9 1
3 0.75
3 0.75
6 0.75
10 0.625
9 0.666667
1 0.555556
10 0.555556
4 0.333333
5 0.666667
9 0.666667
2 0.555556
7 0.666667
1 0.444444
2 0.555556
8 0.444444
3 0.777778
9 0.666667
8 0.444444
2 0.444444
1 0.444444
4 0.444444
2 0.555556
1 0.666667
3 0.666667
3 0.666667
6 0.888889
8 0.777778
10 0.444444
3 0.777778
1 0.333333
3 0.777778
7 0.666667
8 0.777778
4 0.444444
1 0.444444
6 0.888889
9 0.777778
9 0.777778
2 0.555556
10 0.555556
4 0.444444
5 0.666667
8 0.444444
6 0.666667
7 0.444444
7 0.444444
5 0.555556
4 0.777778
10 0.444444
7 0.333333
7 0.555556
10 0.555556
4 0.888889
6 0.666667
1 0.333333
1 0.777778
5 0.555556
7 0.444444
6 0.666667
7 0.333333
10 0.555556
6 0.666667
9 0.666667
10 0.333333
2 0.444444
5 0.555556
2 0.555556
7 0.888889
1 0.666667
8 0.555556
8 0.666667
10 0.666667
4 0.444444
1 0.444444
5 0.555556
4 0.444444
3 0.888889
4 0.333333
2 0.555556
9 0.666667
9 0.666667
8 0.555556
2 0.666667
4 0.444444
1 0.777778
5 0.666667
8 0.666667
7 0.888889
6 0.666667
3 0.666667
7 0.777778
6 0.666667
4 0.444444
3 0.555556
6 0.666667
9 0.888889
3 0.666667
3 0.666667
6 0.666667
10 0.555556
9 0.6
1 0.5
10 0.6
4 0.3
5 0.6
9 0.6
2 0.5
7 0.6
1 0.4
2 0.5
8 0.5
3 0.7
9 0.6
8 0.5
2 0.4
1 0.5
4 0.4
2 0.6
1 0.7
3 0.7
3 0.7
6 0.8
8 0.7
10 0.4
3 0.7
1 0.3
3 0.7
7 0.6
8 0.7
4 0.4
1 0.5
6 0.8
9 0.7
9 0.7
2 0.5
10 0.5
4 0.5
5 0.6
8 0.4
6 0.6
7 0.4
7 0.4
5 0.5
4 0.8
10 0.4
7 0.4
7 0.5
10 0.5
4 0.9
6 0.6
1 0.3
1 0.8
5 0.5
7 0.4
6 0.6
7 0.4
10 0.6
6 0.6
9 0.6
10 0.4
2 0.4
5 0.5
2 0.6
7 0.8
1 0.6
8 0.5
8 0.6
10 0.7
4 0.4
1 0.5
5 0.5
4 0.4
3 0.8
4 0.3
2 0.6
9 0.6
9 0.6
8 0.5
2 0.6
4 0.4
1 0.7
5 0.6
8 0.6
7 0.8
6 0.6
3 0.6
7 0.8
6 0.6
4 0.5
3 0.5
6 0.6
9 0.8
3 0.6
3 0.6
6 0.6
10 0.6
1 0.6
2 1
2 1
2 0.8
3 1
3 1
4 0.8
5 1
5 0.8
5 1
5 1
5 1
6 1
6 1
7 0.8
8 0.4
8 0.4
8 0.4
9 1
9 1
9 1
10 1
10 0.8
10 1

Représentation : /home/user/Documents/M1/s1/ProjetM1RF1/data/=Signatures/=Yang
7 1
1 1
2 1
1 1
6 1
7 1
6 1
3 1
10 1
9 1
6 1
8 1
4 1
5 1
9 1
6 1
2 1
1 1
6 1
8 1
10 1
8 1
4 1
9 1
2 1
4 1
10 1
5 1
3 1
9 1
10 1
2 1
4 1
10 1
1 1
6 1
2 1
8 1
7 1
8 1
6 1
8 1
3 1
1 1
10 1
7 1
7 1
1 1
3 1
7 1
2 1
7 1
5 1
7 1
2 1
4 1
9 1
6 1
5 1
10 1
3 1
7 1
10 1
3 1
9 1
1 1
2 1
6 1
10 1
8 1
5 1
7 1
8 1
6 1
8 1
3 1
1 1
5 1
6 1
9 1
4 1
3 1
4 1
4 1
8 1
2 1
5 1
4 1
10 1
8 1
7 1
5 1
3 1
9 1
1 1
6 1
7 1
1 1
2 1
1 1
6 1
7 0.5
6 1
3 0.5
10 1
9 1
6 1
8 0.5
4 1
5 1
9 1
6 1
2 1
1 1
6 1
8 1
10 1
8 0.5
4 0.5
9 1
2 1
4 1
10 1
5 1
3 0.5
9 1
10 1
2 1
4 0.5
10 1
1 1
6 1
2 0.5
8 0.5
7 1
8 0.5
6 1
8 1
3 1
1 1
10 1
7 1
7 1
1 1
3 0.5
7 1
2 1
7 1
5 1
7 1
2 1
4 1
9 1
6 1
5 1
10 1
3 1
7 0.5
10 1
3 1
9 1
1 1
2 1
6 1
10 1
8 1
5 1
7 1
8 1
6 1
8 1
3 0.5
1 0.5
5 1
6 1
9 0.5
4 0.5
3 1
4 0.5
4 1
8 1
2 1
5 1
4 1
10 1
8 1
7 1
5 1
3 1
9 0.5
1 1
6 1
7 1
1 1
2 0.666667
1 1
6 1
7 0.666667
6 1
3 0.666667
10 1
9 0.666667
6 1
8 0.666667
4 0.666667
5 1
9 1
6 1
2 1
1 1
6 1
8 0.666667
10 1
8 0.333333
4 0.666667
9 1
2 1
4 0.666667
10 1
5 1
3 0.666667
9 1
10 1
2 1
4 0.666667
10 1
1 1
6 1
2 0.666667
8 0.666667
7 1
8 0.666667
6 1
8 0.666667
3 1
1 1
10 1
7 1
7 0.666667
1 1
3 0.666667
7 0.666667
2 1
7 0.666667
5 1
7 0.666667
2 1
4 1
9 0.666667
6 1
5 1
10 1
3 1
7 0.666667
10 1
3 1
9 1
1 1
2 1
6 1
10 1
8 0.666667
5 1
7 1
8 0.666667
6 1
8 1
3 0.666667
1 0.666667
5 1
6 1
9 0.666667
4 0.666667
3 1
4 0.666667
4 0.666667
8 1
2 1
5 1
4 0.666667
10 1
8 0.666667
7 1
5 1
3 0.666667
9 0.666667
1 1
6 1
7 0.75
1 1
2 0.5
1 0.75
6 1
7 0.5
6 1
3 0.5
10 1
9 0.5
6 1
8 0.75
4 0.75
5 1
9 1
6 1
2 1
1 1
6 1
8 0.75
10 0.75
8 0.5
4 0.75
9 1
2 1
4 0.75
10 0.75
5 1
3 0.75
9 0.75
10 1
2 1
4 0.75
10 0.75
1 1
6 1
2 0.75
8 0.5
7 1
8 0.75
6 1
8 0.5
3 1
1 1
10 1
7 1
7 0.75
1 1
3 0.5
7 0.75
2 1
7 0.75
5 1
7 0.75
2 1
4 0.75
9 0.5
6 1
5 1
10 0.75
3 1
7 0.5
10 1
3 0.75
9 0.75
1 1
2 1
6 1
10 0.75
8 0.5
5 1
7 1
8 0.75
6 1
8 1
3 0.5
1 0.5
5 1
6 1
9 0.75
4 0.5
3 0.75
4 0.5
4 0.5
8 0.75
2 1
5 1
4 0.75
10 1
8 0.5
7 1
5 1
3 0.75
9 0.75
1 1
6 1
7 0.8
1 1
2 0.4
1 0.8
6 1
7 0.6
6 1
3 0.6
10 1
9 0.4
6 1
8 0.8
4 0.6
5 1
9 0.8
6 1
2 1
1 1
6 1
8 0.6
10 0.6
8 0.6
4 0.6
9 1
2 1
4 0.6
10 0.8
5 1
3 0.6
9 0.6
10 1
2 0.8
4 0.8
10 0.8
1 1
6 1
2 0.8
8 0.6
7 1
8 0.8
6 1
8 0.6
3 0.8
1 1
10 1
7 0.8
7 0.8
1 1
3 0.6
7 0.8
2 1
7 0.6
5 1
7 0.8
2 1
4 0.6
9 0.6
6 1
5 1
10 0.6
3 1
7 0.6
10 1
3 0.8
9 0.8
1 1
2 1
6 1
10 0.6
8 0.6
5 1
7 1
8 0.6
6 1
8 0.8
3 0.6
1 0.6
5 1
6 1
9 0.8
4 0.6
3 0.6
4 0.6
4 0.6
8 0.8
2 1
5 1
4 0.6
10 1
8 0.6
7 0.8
5 1
3 0.8
9 0.6
1 1
6 1
7 0.833333
1 0.833333
2 0.5
1 0.666667
6 1
7 0.5
6 1
3 0.666667
10 0.833333
9 0.5
6 1
8 0.833333
4 0.5
5 1
9 0.666667
6 1
2 1
1 0.833333
6 1
8 0.5
10 0.5
8 0.666667
4 0.5
9 0.833333
2 1
4 0.666667
10 0.666667
5 1
3 0.666667
9 0.5
10 1
2 0.666667
4 0.833333
10 0.833333
1 1
6 1
2 0.833333
8 0.5
7 1
8 0.666667
6 1
8 0.5
3 0.833333
1 1
10 1
7 0.833333
7 0.666667
1 1
3 0.666667
7 0.666667
2 1
7 0.5
5 1
7 0.666667
2 1
4 0.666667
9 0.5
6 1
5 0.833333
10 0.666667
3 0.833333
7 0.666667
10 1
3 0.666667
9 0.833333
1 1
2 1
6 1
10 0.666667
8 0.666667
5 1
7 1
8 0.5
6 1
8 0.666667
3 0.5
1 0.5
5 0.833333
6 1
9 0.666667
4 0.666667
3 0.5
4 0.5
4 0.666667
8 0.666667
2 1
5 0.833333
4 0.5
10 1
8 0.5
7 0.833333
5 0.833333
3 0.833333
9 0.666667
1 1
6 1
7 0.714286
1 0.857143
2 0.571429
1 0.571429
6 1
7 0.571429
6 1
3 0.571429
10 0.857143
9 0.571429
6 1
8 0.857143
4 0.571429
5 1
9 0.571429
6 1
2 0.857143
1 0.857143
6 1
8 0.571429
10 0.428571
8 0.571429
4 0.571429
9 0.714286
2 0.857143
4 0.714286
10 0.571429
5 1
3 0.714286
9 0.428571
10 0.857143
2 0.571429
4 0.714286
10 0.857143
1 1
6 1
2 0.714286
8 0.571429
7 1
8 0.714286
6 1
8 0.571429
3 0.714286
1 0.857143
10 1
7 0.714286
7 0.571429
1 0.857143
3 0.571429
7 0.571429
2 0.857143
7 0.571429
5 1
7 0.714286
2 0.857143
4 0.571429
9 0.428571
6 1
5 0.714286
10 0.571429
3 0.857143
7 0.571429
10 1
3 0.571429
9 0.714286
1 0.857143
2 1
6 1
10 0.571429
8 0.571429
5 0.857143
7 0.857143
8 0.571429
6 1
8 0.571429
3 0.428571
1 0.428571
5 0.714286
6 1
9 0.571429
4 0.571429
3 0.571429
4 0.571429
4 0.714286
8 0.571429
2 1
5 0.714286
4 0.571429
10 1
8 0.571429
7 0.714286
5 0.714286
3 0.714286
9 0.714286
1 1
6 1
7 0.625
1 0.75
2 0.5
1 0.625
6 0.875
7 0.5
6 0.875
3 0.625
10 0.75
9 0.5
6 0.875
8 0.875
4 0.5
5 0.875
9 0.5
6 0.875
2 0.75
1 0.75
6 0.875
8 0.5
10 0.375
8 0.625
4 0.625
9 0.625
2 0.75
4 0.625
10 0.5
5 0.875
3 0.625
9 0.375
10 0.75
2 0.625
4 0.625
10 0.75
1 0.875
6 1
2 0.625
8 0.625
7 0.875
8 0.75
6 1
8 0.5
3 0.75
1 0.75
10 0.875
7 0.625
7 0.5
1 0.75
3 0.5
7 0.5
2 0.75
7 0.5
5 0.875
7 0.75
2 0.75
4 0.625
9 0.375
6 1
5 0.625
10 0.5
3 0.75
7 0.625
10 0.875
3 0.5
9 0.625
1 0.75
2 0.875
6 1
10 0.625
8 0.5
5 0.75
7 0.75
8 0.5
6 1
8 0.625
3 0.5
1 0.5
5 0.625
6 1
9 0.625
4 0.5
3 0.5
4 0.5
4 0.625
8 0.5
2 0.875
5 0.625
4 0.625
10 1
8 0.625
7 0.625
5 0.625
3 0.625
9 0.75
1 0.875
6 1
7 0.555556
1 0.666667
2 0.555556
1 0.555556
6 0.777778
7 0.555556
6 0.777778
3 0.555556
10 0.777778
9 0.555556
6 0.777778
8 0.888889
4 0.555556
5 0.777778
9 0.444444
6 0.777778
2 0.666667
1 0.666667
6 0.777778
8 0.555556
10 0.444444
8 0.555556
4 0.555556
9 0.555556
2 0.666667
4 0.555556
10 0.444444
5 0.777778
3 0.666667
9 0.444444
10 0.666667
2 0.555556
4 0.666667
10 0.666667
1 0.777778
6 1
2 0.555556
8 0.555556
7 0.777778
8 0.666667
6 1
8 0.555556
3 0.666667
1 0.666667
10 0.777778
7 0.555556
7 0.444444
1 0.666667
3 0.555556
7 0.444444
2 0.666667
7 0.555556
5 0.777778
7 0.666667
2 0.666667
4 0.555556
9 0.333333
6 1
5 0.666667
10 0.555556
3 0.666667
7 0.555556
10 0.777778
3 0.444444
9 0.666667
1 0.666667
2 0.777778
6 1
10 0.555556
8 0.444444
5 0.666667
7 0.666667
8 0.444444
6 1
8 0.555556
3 0.444444
1 0.444444
5 0.555556
6 1
9 0.555556
4 0.555556
3 0.555556
4 0.555556
4 0.555556
8 0.555556
2 0.777778
5 0.555556
4 0.555556
10 0.888889
8 0.666667
7 0.666667
5 0.555556
3 0.555556
9 0.666667
1 0.777778
6 1
7 0.5
1 0.6
2 0.5
1 0.5
6 0.7
7 0.5
6 0.7
3 0.6
10 0.7
9 0.5
6 0.7
8 0.8
4 0.6
5 0.7
9 0.4
6 0.7
2 0.6
1 0.6
6 0.7
8 0.5
10 0.4
8 0.5
4 0.5
9 0.5
2 0.6
4 0.5
10 0.5
5 0.7
3 0.6
9 0.4
10 0.6
2 0.5
4 0.6
10 0.6
1 0.7
6 1
2 0.6
8 0.5
7 0.7
8 0.7
6 1
8 0.6
3 0.6
1 0.6
10 0.7
7 0.6
7 0.4
1 0.6
3 0.6
7 0.4
2 0.6
7 0.5
5 0.7
7 0.6
2 0.6
4 0.6
9 0.3
6 1
5 0.6
10 0.6
3 0.6
7 0.5
10 0.7
3 0.5
9 0.6
1 0.6
2 0.7
6 1
10 0.6
8 0.5
5 0.6
7 0.7
8 0.4
6 1
8 0.5
3 0.4
1 0.5
5 0.5
6 1
9 0.5
4 0.5
3 0.5
4 0.5
4 0.5
8 0.6
2 0.7
5 0.5
4 0.5
10 0.8
8 0.6
7 0.6
5 0.5
3 0.5
9 0.6
1 0.8
6 1
1 1
1 1
1 1
2 1
2 1
2 1
3 1
3 1
3 1
4 1
4 1
4 1
5 1
5 1
5 1
5 1
7 1
8 1
9 1
9 1
9 1
9 1
10 1
10 1

Représentation : /home/user/Documents/M1/s1/ProjetM1RF1/data/=Signatures/=Zernike7
3 1
7 1
8 1
1 1
4 1
4 1
4 1
10 1
5 1
7 1
1 1
5 1
9 1
9 1
2 1
3 1
10 1
2 1
2 1
9 1
3 1
6 1
1 1
5 1
8 1
7 1
4 1
6 1
2 1
10 1
6 1
10 1
6 1
9 1
7 1
8 1
10 1
5 1
5 1
2 1
8 1
3 1
6 1
7 1
1 1
7 1
4 1
9 1
9 1
9 1
4 1
2 1
4 1
7 1
8 1
7 1
5 1
1 1
9 1
2 1
7 1
5 1
1 1
1 1
1 1
5 1
5 1
3 1
3 1
5 1
10 1
9 1
10 1
4 1
3 1
2 1
1 1
6 1
4 1
8 1
8 1
7 1
9 1
3 1
5 1
9 1
10 1
2 1
10 1
4 1
5 1
6 1
6 1
10 1
6 1
7 1
3 1
7 1
8 1
1 0.5
4 1
4 0.5
4 1
10 1
5 1
7 1
1 0.5
5 1
9 1
9 1
2 1
3 1
10 1
2 1
2 1
9 1
3 1
6 1
1 1
5 1
8 1
7 1
4 1
6 1
2 1
10 1
6 1
10 1
6 1
9 1
7 1
8 0.5
10 1
5 1
5 1
2 1
8 1
3 1
6 1
7 1
1 1
7 1
4 1
9 1
9 1
9 1
4 1
2 1
4 0.5
7 1
8 1
7 1
5 1
1 1
9 1
2 1
7 1
5 1
1 1
1 1
1 1
5 1
5 1
3 1
3 1
5 1
10 1
9 1
10 1
4 1
3 1
2 1
1 1
6 1
4 0.5
8 1
8 1
7 1
9 1
3 1
5 1
9 1
10 1
2 1
10 1
4 1
5 1
6 1
6 1
10 1
6 1
7 1
3 0.666667
7 1
8 1
1 0.333333
4 0.666667
4 0.666667
4 1
10 1
5 1
7 1
1 0.666667
5 1
9 1
9 1
2 1
3 1
10 1
2 1
2 1
9 1
3 1
6 1
1 1
5 1
8 1
7 1
4 1
6 1
2 1
10 1
6 1
10 1
6 1
9 1
7 1
8 0.666667
10 0.666667
5 1
5 1
2 1
8 1
3 1
6 1
7 1
1 1
7 1
4 0.666667
9 1
9 1
9 1
4 1
2 1
4 0.666667
7 1
8 1
7 1
5 1
1 0.666667
9 1
2 1
7 1
5 1
1 1
1 1
1 0.666667
5 1
5 1
3 1
3 1
5 1
10 0.666667
9 1
10 0.666667
4 1
3 1
2 1
1 1
6 1
4 0.333333
8 1
8 1
7 1
9 1
3 1
5 1
9 1
10 0.666667
2 1
10 1
4 1
5 1
6 1
6 1
10 1
6 1
7 1
3 0.5
7 1
8 1
1 0.25
4 0.75
4 0.5
4 1
10 1
5 1
7 1
1 0.75
5 1
9 1
9 1
2 1
3 1
10 1
2 0.75
2 1
9 1
3 1
6 1
1 1
5 1
8 1
7 1
4 0.75
6 1
2 1
10 1
6 1
10 1
6 1
9 1
7 1
8 0.5
10 0.5
5 1
5 1
2 1
8 1
3 1
6 1
7 1
1 1
7 1
4 0.75
9 1
9 1
9 1
4 1
2 1
4 0.75
7 1
8 0.75
7 1
5 1
1 0.75
9 1
2 1
7 1
5 1
1 0.75
1 1
1 0.75
5 1
5 1
3 1
3 1
5 1
10 0.75
9 1
10 0.75
4 1
3 1
2 0.75
1 0.75
6 1
4 0.5
8 0.75
8 1
7 1
9 1
3 1
5 1
9 1
10 0.5
2 1
10 0.75
4 1
5 1
6 1
6 1
10 1
6 1
7 1
3 0.4
7 1
8 0.8
1 0.4
4 0.8
4 0.4
4 0.8
10 1
5 1
7 1
1 0.8
5 1
9 1
9 1
2 1
3 1
10 1
2 0.8
2 1
9 1
3 1
6 1
1 1
5 1
8 1
7 1
4 0.6
6 1
2 1
10 0.8
6 1
10 0.8
6 1
9 1
7 1
8 0.6
10 0.4
5 1
5 1
2 1
8 0.8
3 1
6 1
7 1
1 1
7 1
4 0.6
9 1
9 1
9 1
4 1
2 1
4 0.6
7 1
8 0.6
7 1
5 1
1 0.8
9 1
2 1
7 1
5 1
1 0.8
1 0.8
1 0.8
5 1
5 1
3 1
3 1
5 1
10 0.8
9 1
10 0.6
4 1
3 1
2 0.6
1 0.8
6 1
4 0.4
8 0.8
8 0.8
7 1
9 1
3 1
5 1
9 1
10 0.6
2 1
10 0.6
4 0.8
5 1
6 1
6 1
10 0.8
6 1
7 1
3 0.5
7 1
8 0.666667
1 0.333333
4 0.666667
4 0.5
4 0.666667
10 0.833333
5 1
7 1
1 0.833333
5 1
9 1
9 1
2 0.833333
3 1
10 1
2 0.833333
2 1
9 1
3 1
6 0.833333
1 1
5 1
8 0.833333
7 1
4 0.666667
6 0.833333
2 1
10 0.666667
6 0.833333
10 0.833333
6 0.833333
9 1
7 1
8 0.666667
10 0.5
5 1
5 1
2 1
8 0.666667
3 1
6 1
7 1
1 0.833333
7 1
4 0.666667
9 1
9 1
9 1
4 0.833333
2 1
4 0.5
7 1
8 0.5
7 1
5 1
1 0.666667
9 1
2 1
7 1
5 1
1 0.666667
1 0.666667
1 0.666667
5 1
5 1
3 0.833333
3 0.833333
5 1
10 0.833333
9 1
10 0.666667
4 1
3 0.833333
2 0.5
1 0.666667
6 0.833333
4 0.5
8 0.666667
8 0.833333
7 1
9 1
3 1
5 1
9 1
10 0.5
2 1
10 0.5
4 0.666667
5 1
6 0.833333
6 0.833333
10 0.666667
6 0.833333
7 1
3 0.571429
7 1
8 0.571429
1 0.285714
4 0.714286
4 0.571429
4 0.714286
10 0.714286
5 1
7 1
1 0.714286
5 1
9 1
9 1
2 0.857143
3 0.857143
10 0.857143
2 0.714286
2 0.857143
9 1
3 1
6 0.714286
1 1
5 1
8 0.714286
7 1
4 0.571429
6 0.714286
2 1
10 0.714286
6 0.714286
10 0.857143
6 0.714286
9 1
7 1
8 0.714286
10 0.428571
5 1
5 1
2 1
8 0.571429
3 1
6 1
7 1
1 0.714286
7 1
4 0.714286
9 1
9 1
9 1
4 0.714286
2 0.857143
4 0.571429
7 1
8 0.571429
7 1
5 1
1 0.714286
9 1
2 0.857143
7 1
5 1
1 0.571429
1 0.571429
1 0.571429
5 1
5 1
3 0.714286
3 0.714286
5 1
10 0.857143
9 1
10 0.714286
4 0.857143
3 0.714286
2 0.571429
1 0.571429
6 0.714286
4 0.428571
8 0.571429
8 0.714286
7 1
9 1
3 1
5 1
9 1
10 0.571429
2 1
10 0.571429
4 0.714286
5 1
6 0.714286
6 0.714286
10 0.571429
6 0.714286
7 1
3 0.625
7 0.875
8 0.625
1 0.375
4 0.625
4 0.625
4 0.625
10 0.625
5 1
7 1
1 0.75
5 1
9 1
9 1
2 0.75
3 0.75
10 0.75
2 0.625
2 0.75
9 1
3 0.875
6 0.625
1 0.875
5 1
8 0.625
7 1
4 0.5
6 0.625
2 1
10 0.625
6 0.625
10 0.75
6 0.625
9 1
7 1
8 0.625
10 0.375
5 1
5 1
2 0.875
8 0.5
3 0.875
6 1
7 0.875
1 0.625
7 0.875
4 0.625
9 1
9 1
9 1
4 0.625
2 0.75
4 0.5
7 0.875
8 0.625
7 0.875
5 1
1 0.625
9 1
2 0.75
7 1
5 1
1 0.5
1 0.5
1 0.5
5 1
5 1
3 0.625
3 0.625
5 1
10 0.75
9 1
10 0.625
4 0.875
3 0.625
2 0.625
1 0.5
6 0.625
4 0.375
8 0.5
8 0.625
7 1
9 1
3 0.875
5 1
9 1
10 0.5
2 1
10 0.5
4 0.625
5 1
6 0.625
6 0.625
10 0.5
6 0.625
7 1
3 0.666667
7 0.777778
8 0.555556
1 0.333333
4 0.555556
4 0.666667
4 0.555556
10 0.555556
5 1
7 1
1 0.777778
5 1
9 0.888889
9 0.888889
2 0.666667
3 0.666667
10 0.666667
2 0.555556
2 0.666667
9 0.888889
3 0.777778
6 0.555556
1 0.777778
5 1
8 0.555556
7 1
4 0.555556
6 0.555556
2 0.888889
10 0.555556
6 0.555556
10 0.666667
6 0.555556
9 1
7 1
8 0.555556
10 0.444444
5 1
5 1
2 0.777778
8 0.444444
3 0.777778
6 0.888889
7 0.777778
1 0.666667
7 0.777778
4 0.555556
9 0.888889
9 0.888889
9 0.888889
4 0.555556
2 0.666667
4 0.555556
7 0.777778
8 0.666667
7 0.777778
5 1
1 0.555556
9 1
2 0.666667
7 1
5 0.888889
1 0.444444
1 0.444444
1 0.444444
5 0.888889
5 0.888889
3 0.555556
3 0.555556
5 0.888889
10 0.666667
9 1
10 0.555556
4 0.888889
3 0.555556
2 0.666667
1 0.444444
6 0.555556
4 0.444444
8 0.444444
8 0.555556
7 1
9 1
3 0.777778
5 1
9 1
10 0.555556
2 0.888889
10 0.444444
4 0.555556
5 1
6 0.555556
6 0.555556
10 0.444444
6 0.555556
7 1
3 0.6
7 0.8
8 0.5
1 0.4
4 0.5
4 0.7
4 0.5
10 0.5
5 1
7 0.9
1 0.7
5 1
9 0.8
9 0.8
2 0.6
3 0.6
10 0.6
2 0.5
2 0.6
9 0.8
3 0.7
6 0.5
1 0.7
5 0.9
8 0.5
7 0.9
4 0.6
6 0.5
2 0.8
10 0.5
6 0.5
10 0.7
6 0.5
9 1
7 0.9
8 0.5
10 0.5
5 0.9
5 0.9
2 0.7
8 0.4
3 0.7
6 0.8
7 0.7
1 0.6
7 0.7
4 0.5
9 0.8
9 0.8
9 0.8
4 0.5
2 0.6
4 0.5
7 0.7
8 0.7
7 0.7
5 1
1 0.5
9 0.9
2 0.6
7 1
5 0.8
1 0.4
1 0.4
1 0.4
5 0.8
5 0.8
3 0.5
3 0.5
5 0.8
10 0.7
9 0.9
10 0.5
4 0.9
3 0.5
2 0.7
1 0.4
6 0.5
4 0.5
8 0.4
8 0.5
7 0.9
9 0.9
3 0.7
5 1
9 0.9
10 0.6
2 0.8
10 0.4
4 0.5
5 1
6 0.5
6 0.5
10 0.5
6 0.5
7 0.9
1 1
1 1
1 1
2 1
2 1
2 1
3 1
3 1
3 1
3 1
4 0.5
4 1
6 1
6 1
6 1
7 1
8 1
8 1
8 1
8 1
8 1
9 1
10 1
10 1

